1687857419
996218921
543416263
525812749
150494733
6273539650
1897954
872175182
129102461
839963953
672801024
692100952
2018165416
396478735
5551486213
1554382371
235819720
463508561
294783213
7665363
1554018657
1578481438
695551228
2460798
1885886560
5325546131
83228509
541233459
53892093
296764925
5746594335
5346431274
238045293
857542925
5970016443
1665198927
1315063820
955417564
654910217
6604885202
5416145612
86438020
93151778
5079469576
884960172
213988677
1081041232
680749448
872594918
5233967566
657991394
1070110636
189521131
12421442
6683658535
6008316769
489516321
1135889003
105829521
971773831
5261174801
83056714
2113515448
6259167334
1559651997
1118463271
1609977237
1202540620
5010825248
662016189
812153066
1504344415
6080040675
116197731
5370451200
1199695954
1840517148
1294889543
1706594468
73713611
1541850433
1125243613
520100265
83114046
723050015
419820136
587520258
657121546
740864442
877653828
709736691
6580036857
6572023155
977010344
389023189
127082263
195022364
1847991723
6079854906
390821772
1981936722
5978931902
600541543
5937759530
239015919
5121162080
277182749
2022437390
6505833922
1012478049
41775947
1199120092
436914694
5621523810
1378234454
878073589
120005744
217547310
968859454
645736163
142490740
6723115251
1061225182
4141389
967548290
212146942
1857873330
1892820220
416191041
1108253485
1564559
3282015
39485663
746396159
5312378850
1122568138
1615447763
5035664754
192710878
1816030008
5475537698
5397719859
6641077280
34163335
5893006405
699497133
56602519
6002872429
157226133
5348183826
1012997236
972423154
1196753252
494050701
5598702374
6339923852
5788422896
5390936384
1739287561
5273465958
6101891139
2050284543
1566413156
209357635
1516055219
983155836
1242855881
168732395
1917313727
790530462
5142778326
358824320
709043025
1198381355
1455514182
43911481
737909944
49847038
6797121758
1421778924
1426819009
176862781
2539525
1189621330
1150105612
5932684358
932508814
1619515774
65404954
32893605
217240916
6208873015
2119234110
2105006216
6331369788
256488524
6548499658
6258078751
5396798130
130395405
1097966
1172719015
624604186
984738663
1160927277
71476888
831412833
5305142783
5050895264
247403365
350185155
998809552
588198033
713110433
1856952702
998528494
965882444
597702082
483341652
1128562371
686595667
6596953538
1617516828
289118437
226109
556075584
38180435
1847064770
1828840
6918120089
898412015
171981599
1556554899
6472351762
68520257
2643196
523651097
880658199
711983281
1297306747
5643466894
127040182
1113274538
1262765439
165939823
444097692
5450780734
908174481
5145237793
315434461
25628755
5528284569
61413412
5745427332
5525154865
1986051735
1623329250
2012377587
334177470
877779352
1194296925
1081443368
86902392
767444781
952519300
992552593
1064147734
1240273282
658373433
1480298292
6020932702
5081713310
266235052
792400184
1042096730
611404153
750085267
493363375
372137360
192005002
380365960
759322929
6491642766
1135969710
2145736928
1717501381
5608773953
5446546047
2118906701
546081107
5291317416
5392837564
502524992
639860516
5353817544
6105013260
5783628574
1794775447
6504980111
329168379
1113189842
1601596327
5442172766
899435053
614518698
1400623080
520685707
529714979
5480562542
122404504
467422591
805482052
668406335
1611521078
580323031
1960132917
772123493
6940349900
823551560
5874250930
122452082
1109106756
5229078598
853491377
6307358129
436660556
741458962
170213369
438144689
646546005
961315966
6935791751
46514815
5199776651
1866407701
5686811941
835978247
43239066
5724136882
5080752490
5034119566
916691
5526621665
2698390
143807278
761845112
1813513773
1306517703
605816930
1205588331
1348241606
844707929
306824960
6291197991
1477650457
5075528682
57094748
1887480296
691619591
1261638514
683383759
6644509558
5181370345
1506774376
6137630736
6407079771
515401753
5061406310
644643060
741092989
5808835526
6560318383
474031025
837475356
6492307590
1330791973
6631825483
619937547
2016105708
847674040
6250725652
553039215
32241197
525475297
633215481
5316649388
194851091
6065587899
158699794
6030435495
5454430405
1610209064
1781611282
771050579
6689086300
1318141141
717792282
655908924
1965418894
282134972
1477896742
43539917
424903434
936888003
638890797
1217983838
67222397
6107503520
5464704153
1737099
533193328
5562887181
412579959
1589509838
6053285201
2589033
351578367
6193636869
644689280
5986644485
1850956114
1762245749
1777840790
139720070
5649134820
503115994
5391668501
2144006705
163595927
5054027402
184243187
5303433781
6989423170
1858893679
6127292804
275319394
739317927
95054351
140388533
5570196132
517812673
159081599
271903605
367262161
133034925
5081563027
6611886037
256268484
735733640
103574665
177385504
1076952491
239922434
5198341925
1640645098
1474829342
479629911
1118998931
322034456
914611128
546468207
626664923
275608561
6239138606
5641083193
1477121512
735705934
1404140726
671834431
861031294
263184849
772387022
1396850393
6708501632
96516999
5040889252
94019459
1068449678
5682748273
1528959601
765454153
2084640423
469436240
758782502
5322757317
5754176259
5654395471
1833762275
2069821912
844084720
2008498211
465435455
627112080
78411700
241265237
471791499
230328892
374383409
50324844
1421574201
974666072
204346997
5053812408
5513649664
6861860700
677230905
75570951
857693823
1445451673
452975204
495740949
1059878997
5968886377
1230043668
537985508
5775635389
1184330442
6196589329
6173577071
1435178647
30851833
1761195950
357512818
742349634
33759771
463706168
162309790
405278169
6108193303
605836410
769601279
1771788734
645979603
1551579608
1162094621
1776668143
755012819
1018476240
1224769817
328906677
1907664640
6016766727
101657676
749733094
800302427
1061890013
517528961
495591154
6309785468
58405255
45033916
431198279
96103602
1358617762
267490603
255435454
900383415
717972464
350968301
1618186101
14723728
6154715205
410954404
806797427
43956325
5499782475
952626299
6375415328
753173086
5602522252
5393605993
6053520005
183592422
1358530370
5709800266
661678772
5542946392
242555658
5750963176
2057133072
468439046
863217628
1750032543
6750573622
